%YAML:1.0
CharRecognition:
   TrainSize: [ 16, 22 ]
   Labels: [ 0, 1, 2, 3, 4, 5, 6, 7, 8, 9, 99 ]
   Filter: !!opencv-matrix
      rows: 11
      cols: 280
      dt: f
      data: [ -1.27091289e+00, -1.05442393e+00, -1.82032180e+00,
          -1.52986574e+00, -1.03682816e+00, -1.16867948e+00,
          9.29244995e-01, -2.89019436e-01, -5.38002968e-01,
          -1.22340512e+00, -1.34173143e+00, 4.69142109e-01,
          -1.03266764e+00, 4.23180670e-01, 7.12339804e-02,
          8.40203464e-02, -1.92940775e-02, -9.29717600e-01,
          8.62324476e-01, -5.95313072e-01, 3.72038215e-01,
          1.37106609e+00, -2.65610099e-01, 4.98328328e-01,
          -1.90763474e-01, 8.18707824e-01, -7.21023738e-01,
          8.37122202e-01, 2.22691035e+00, 3.73496652e-01, 6.86446786e-01,
          9.03803945e-01, 1.36016035e+00, -1.58417761e-01,
          1.45473516e+00, 9.22000527e-01, 8.52856755e-01, 1.70327413e+00,
          1.63159740e+00, 9.49925065e-01, 7.07719684e-01, 1.29103816e+00,
          1.87809579e-02, 4.29858029e-01, 1.31731188e+00, 1.59024954e+00,
          7.27808177e-01, 1.35047019e+00, 9.26047802e-01, 4.12968338e-01,
          -3.26285392e-01, -1.51800485e-02, 6.00247502e-01,
          7.54858404e-02, 1.10644841e+00, -2.87304111e-02,
          1.39763519e-01, -1.05525017e+00, -1.64003313e+00,
          -1.55905873e-01, -1.80965632e-01, 7.70531774e-01,
          -5.73547363e-01, -6.63920999e-01, -1.06221700e+00,
          -3.80605817e+00, -2.89147210e+00, -2.73121428e+00,
          -4.05708909e-01, 2.61455148e-01, 5.94164550e-01,
          -1.95263848e-01, -1.13736761e+00, -8.65075290e-01,
          -2.52052754e-01, 1.81459505e-02, 1.34849524e+00,
          3.10597229e+00, 6.83219492e-01, 2.63953626e-01,
          -3.09876174e-01, -6.42238796e-01, 1.88697338e-01,
          6.66686893e-01, 4.07184458e+00, 1.73728824e+00, 1.41918898e-01,
          -2.21386790e-01, 6.11335132e-03, 1.62330061e-01,
          1.13831472e+00, 2.84223604e+00, -1.04515195e+00,
          -1.52815747e+00, -8.34041834e-01, -9.57241237e-01,
          -1.24743044e+00, -2.17859060e-01, 3.64534140e-01,
          -2.67602038e+00, -2.12616658e+00, -1.44792616e+00,
          -2.34972739e+00, -2.63217402e+00, -1.16937518e+00,
          7.28699386e-01, -1.46921182e+00, -1.75753593e+00,
          -1.98375535e+00, -2.43665695e+00, -2.63375831e+00,
          -1.49707425e+00, 1.40660071e+00, 5.90828359e-02,
          7.13094056e-01, -6.61033750e-01, -1.40669572e+00,
          -1.72328579e+00, 7.66460121e-01, 2.54873371e+00,
          1.55698526e+00, 1.59268439e+00, 1.25396132e-01,
          -4.19574708e-01, 1.92897752e-01, 3.69467258e+00,
          1.60027790e+00, 1.51921093e+00, 6.95728362e-01,
          -2.23529413e-01, -9.11196619e-02, 1.83201683e+00,
          2.22593307e+00, 2.05997303e-01, 3.43301713e-01,
          -1.10082519e+00, -1.09863758e+00, 3.79270725e-02,
          4.48539943e-01, 1.31571126e+00, 5.84762812e-01, 2.08338842e-01,
          8.54769945e-02, 1.28637910e+00, 1.03172505e+00, 1.92370206e-01,
          1.22159839e+00, -1.22623849e+00, -6.73526585e-01,
          -1.28446922e-01, 3.00003320e-01, 4.01082247e-01,
          -6.56546772e-01, -6.25264585e-01, 1.27766848e+00,
          1.22567415e+00, 9.88140583e-01, 4.11329389e-01,
          -4.43655998e-01, -1.13902199e+00, -5.69140494e-01,
          1.97186637e+00, 6.12406194e-01, -1.31113636e+00,
          -2.41492462e+00, -2.34383583e+00, -2.29172444e+00,
          1.34179620e-02, 2.41931534e+00, 5.13730049e-01,
          -1.89116883e+00, -3.48560476e+00, -2.13473749e+00,
          -4.94885743e-01, 1.04067183e+00, 2.77699614e+00,
          7.20121980e-01, -2.62149191e+00, -3.70947099e+00,
          -2.05232692e+00, -9.83752757e-02, 4.29076999e-01,
          1.24578878e-01, -1.11923182e+00, -2.58725905e+00,
          -2.34935665e+00, -7.29373097e-01, 1.60805881e+00,
          2.54264879e+00, 1.89469859e-01, -4.34292436e-01,
          -1.51842341e-01, -2.42727742e-01, 4.31800663e-01,
          1.64282691e+00, 1.19593585e+00, 1.79600191e+00, 4.19946939e-01,
          4.12601084e-01, 7.50128746e-01, 8.23339164e-01, 1.35368562e+00,
          1.33584094e+00, 1.02408814e+00, 8.95021185e-02, 7.02180982e-01,
          7.85177112e-01, -3.42431664e-01, -1.04315959e-01,
          1.79485202e+00, 1.54539371e+00, 6.53799474e-01,
          -1.06120336e+00, -1.34920335e+00, -4.89934683e-02,
          -4.21040535e-01, -9.90018308e-01, 2.34239721e+00,
          1.16182375e+00, -6.65420413e-01, -8.54191422e-01,
          -5.25968313e-01, 1.26039469e+00, 6.57878041e-01,
          3.64033318e+00, 2.62767363e+00, 4.31176037e-01,
          -1.31867921e+00, 6.61135018e-01, -2.34991625e-01,
          1.37035143e+00, 1.96452677e+00, 7.89390266e-01, 1.23350453e+00,
          -7.76648462e-01, -1.16334927e+00, -1.61870205e+00,
          -2.67698348e-01, 6.91564262e-01, 1.74031049e-01,
          -3.26336443e-01, 1.22566164e+00, -6.98334336e-01,
          -4.21582222e+00, -2.82726431e+00, -1.31713986e+00,
          -1.79211593e+00, -1.06559277e+00, 2.93312222e-01,
          -1.25548446e+00, -2.76972795e+00, -1.67806613e+00,
          1.32674372e+00, -1.41172993e+00, -1.57559562e+00,
          3.81029636e-01, -5.64160645e-01, -1.22257686e+00,
          -2.19424739e-02, 2.72323728e+00, 1.74269766e-01,
          3.51084173e-01, 1.08284688e+00, 6.23819977e-02, 2.25017771e-01,
          8.45392525e-01, 2.99915457e+00, 2.09694529e+00, 8.68856430e-01,
          6.67348206e-01, 3.51531714e-01, 8.38978887e-01,
          -4.55724858e-02, 1.15472674e+00, 1.93922412e+00,
          -4.71777767e-01, 2.49775313e-02, 5.72328046e-02,
          -6.86552346e-01, -4.13267255e-01, 4.12285179e-01,
          4.02647667e-02, 7.47585297e-01, 1.42936301e+00,
          -3.26575875e-01, 6.16261005e-01, -8.72282758e-02,
          1.23110995e-01, 1.07570219e+00, 6.40843809e-01, 1.23341966e+00,
          -6.54628575e-01, 5.37519038e-01, -4.06418234e-01,
          -3.94562572e-01, 1.14016604e+00, 1.03628862e+00,
          1.32216191e+00, -1.18298221e+00, -1.94919661e-01,
          -6.97172999e-01, -1.26169169e+00, 3.52285534e-01,
          8.07837963e-01, 8.22325289e-01, -7.00447112e-02,
          7.10576415e-01, -2.23787084e-01, -6.93918228e-01,
          -3.02316365e-03, -5.91615081e-01, -2.39903972e-01,
          -1.92399636e-01, 1.00145221e+00, 3.33715469e-01,
          -1.19709396e+00, 2.82725632e-01, -7.05197811e-01,
          2.43672043e-01, -5.96310236e-02, 4.68374610e-01,
          9.36987698e-02, -2.62696058e-01, 5.63576758e-01,
          -3.66825044e-01, 7.84791350e-01, -7.14866877e-01,
          -3.70153375e-02, -4.71508324e-01, 5.38308322e-01,
          8.65485311e-01, 8.36917013e-02, 4.05305237e-01,
          -2.21042767e-01, -3.91182974e-02, -3.59348714e-01,
          7.82058001e-01, 1.17973483e+00, 9.68914986e-01, 2.61240900e-01,
          2.12416083e-01, 5.75957179e-01, 3.32933903e-01, 6.06668234e-01,
          -1.45329461e-01, 1.46032202e+00, -7.99534261e-01,
          -5.98473728e-01, 6.08915329e-01, 1.00367260e+00,
          -2.11392951e+00, -1.42909735e-02, 2.88233399e+00,
          1.88754356e+00, 9.50984750e-03, -8.81388597e-03,
          -8.96811262e-02, -1.75938427e+00, 2.52355605e-01,
          1.25885177e+00, 2.57981330e-01, -3.00460637e-01,
          -4.55796182e-01, 9.31510091e-01, -1.39031649e+00,
          3.65087926e-01, -6.82998538e-01, -1.90796661e+00,
          -8.58440816e-01, 6.19420946e-01, 7.89019823e-01,
          -3.23583931e-01, -7.25420177e-01, -1.55196023e+00,
          -1.81244254e+00, -3.33401293e-01, 6.97844744e-01,
          4.04748142e-01, -7.41523683e-01, -1.40485060e+00,
          -1.31701684e+00, -5.95915079e-01, 5.70079446e-01,
          2.21556842e-01, -1.47508502e+00, -8.93881917e-01,
          -1.40604287e-01, -2.60926783e-01, 1.25603482e-01,
